Sender type,Channel type,Sender name,Sender full name,Time in GMT,Message,Data
bot,WEBCHAT,FREE_NOTIFY,FREE_NOTIFY,2025-04-19 14:23:53.983498,,"{""recipient_id"": ""62cf14a7-fb8d-47f8-ac1a-867760440e7b"", ""custom"": {""attachment"": {""type"": ""template"", ""payload"": {""template_type"": ""simple_form"", ""title"": ""Information for Ad Support Ticket"", ""description"": ""This form is used to collect user information in case the user needs additional help and a Jira Ticket needs to be filed with our Support Team."", ""descriptionPosition"": ""top"", ""hidden_reply"": true, ""reply_text"": ""The user completes the submission of the form"", ""submit_button_title"": ""Send"", ""intent_name"": ""submit_form"", ""cancel_button"": {""title"": ""Cancel"", ""type"": ""postback"", ""payload"": ""/cancel_for_input_data"", ""url"": null, ""is_enabled"": false, ""hidden_reply"": true}, ""is_mailerlite_form"": false, ""fields"": [{""title"": ""Name"", ""type"": ""text"", ""icon_url"": ""https://seachat.s3.us-west-2.amazonaws.com/images/icon-name.svg"", ""is_required"": true, ""entity_name"": ""_NAME""}, {""title"": ""Email"", ""type"": ""text"", ""icon_url"": ""https://seachat.s3.us-west-2.amazonaws.com/images/icon-email.svg"", ""is_required"": true, ""entity_name"": ""_EMAIL""}, {""title"": ""Account ID"", ""type"": ""text"", ""icon_url"": """", ""is_required"": true, ""entity_name"": ""VAR_0001""}], ""form_id"": ""ee27568f0b9f4826a7215c8197548501""}}}}"
bot,WEBCHAT,FREE_NOTIFY,FREE_NOTIFY,2025-04-19 14:23:54.512383,"Hi, I’m the NewsBreak Ad Assistant. How can I help?",
bot,WEBCHAT,FREE_NOTIFY,FREE_NOTIFY,2025-04-19 14:23:55.810019,,"{""recipient_id"": ""62cf14a7-fb8d-47f8-ac1a-867760440e7b"", ""custom"": {""attachment"": {""type"": ""template"", ""payload"": {""template_type"": ""simple_form"", ""title"": ""Information for Ad Support Ticket"", ""description"": ""This form is used to collect user information in case the user needs additional help and a Jira Ticket needs to be filed with our Support Team."", ""descriptionPosition"": ""top"", ""hidden_reply"": true, ""reply_text"": ""The user completes the submission of the form"", ""submit_button_title"": ""Send"", ""intent_name"": ""submit_form"", ""cancel_button"": {""title"": ""Cancel"", ""type"": ""postback"", ""payload"": ""/cancel_for_input_data"", ""url"": null, ""is_enabled"": false, ""hidden_reply"": true}, ""is_mailerlite_form"": false, ""fields"": [{""title"": ""Name"", ""type"": ""text"", ""icon_url"": ""https://seachat.s3.us-west-2.amazonaws.com/images/icon-name.svg"", ""is_required"": true, ""entity_name"": ""_NAME""}, {""title"": ""Email"", ""type"": ""text"", ""icon_url"": ""https://seachat.s3.us-west-2.amazonaws.com/images/icon-email.svg"", ""is_required"": true, ""entity_name"": ""_EMAIL""}, {""title"": ""Account ID"", ""type"": ""text"", ""icon_url"": """", ""is_required"": true, ""entity_name"": ""VAR_0001""}], ""form_id"": ""ee27568f0b9f4826a7215c8197548501""}}}}"
web,WEBCHAT,30a1818ecacb42e9bb15f3984365dffa,Mohit ,2025-04-19 14:24:04.259337,The user completes the submission of the form,"{""form_id"": ""ee27568f0b9f4826a7215c8197548501"", ""hidden_reply"": false, ""intent_name"": ""submit_form"", ""fields"": [{""title"": ""Name"", ""entity_name"": ""_NAME"", ""value"": ""Mohit""}, {""title"": ""Email"", ""entity_name"": ""_EMAIL"", ""value"": ""mohit@ideaclan.com""}, {""title"": ""Account ID"", ""entity_name"": ""VAR_0001"", ""value"": ""1886766934553362433""}]}"
web,WEBCHAT,30a1818ecacb42e9bb15f3984365dffa,Mohit ,2025-04-19 14:24:26.511289,i am getting duplicate clicks what could be possible reasons?,{}
bot,WEBCHAT,BOT,BOT,2025-04-19 14:24:35.342247," Hi Mohit, duplicate clicks can occur due to various reasons such as bot traffic, accidental double-clicks by users, or issues with tracking setup. To investigate further, you might want to review your targeting settings and ensure your tracking pixel is correctly implemented. For more detailed guidance on reporting and analyzing ad performance, you can refer to our Reporting Guide here: [Reporting Guide](https://help.newsbreak.com/hc/en-us/articles/18088532505485-Reporting-Guide). If you need additional help, feel free to email adsupport@newsbreak.com.",{}
